Do you want to join or create a game? (j/c)c
ID:1670117431911
1670117431911
GAMESTART
0
0 0 0 0 0 0 0
0 0 0 0 0 0 0
0 0 0 0 0 0 0
0 0 0 0 0 0 0
0 0 0 0 0 0 0
0 0 0 0 0 0 0

Random non foot shooting move
1
0 0 0 0 0 0 0
0 0 0 0 0 0 0
0 0 0 0 0 0 0
0 0 0 0 0 0 0
0 0 0 0 0 0 0
1 0 0 0 0 0 0

ACK
OPPONENT:0
2
0 0 0 0 0 0 0
0 0 0 0 0 0 0
0 0 0 0 0 0 0
0 0 0 0 0 0 0
2 0 0 0 0 0 0
1 0 0 0 0 0 0

Random non foot shooting move
3
0 0 0 0 0 0 0
0 0 0 0 0 0 0
0 0 0 0 0 0 0
0 0 0 0 0 0 0
2 0 0 0 0 0 0
1 1 0 0 0 0 0

ACK
OPPONENT:0
4
0 0 0 0 0 0 0
0 0 0 0 0 0 0
0 0 0 0 0 0 0
2 0 0 0 0 0 0
2 0 0 0 0 0 0
1 1 0 0 0 0 0

Possible good move
5
0 0 0 0 0 0 0
0 0 0 0 0 0 0
0 0 0 0 0 0 0
2 0 0 0 0 0 0
2 0 0 0 0 0 0
1 1 1 0 0 0 0

ACK
OPPONENT:3
6
0 0 0 0 0 0 0
0 0 0 0 0 0 0
0 0 0 0 0 0 0
2 0 0 0 0 0 0
2 0 0 0 0 0 0
1 1 1 2 0 0 0

Random non foot shooting move
7
0 0 0 0 0 0 0
0 0 0 0 0 0 0
1 0 0 0 0 0 0
2 0 0 0 0 0 0
2 0 0 0 0 0 0
1 1 1 2 0 0 0

ACK
OPPONENT:6
8
0 0 0 0 0 0 0
0 0 0 0 0 0 0
1 0 0 0 0 0 0
2 0 0 0 0 0 0
2 0 0 0 0 0 0
1 1 1 2 0 0 2

Random non foot shooting move
9
0 0 0 0 0 0 0
0 0 0 0 0 0 0
1 0 0 0 0 0 0
2 0 0 0 0 0 0
2 0 0 0 0 0 0
1 1 1 2 0 1 2

ACK
OPPONENT:2
10
0 0 0 0 0 0 0
0 0 0 0 0 0 0
1 0 0 0 0 0 0
2 0 0 0 0 0 0
2 0 2 0 0 0 0
1 1 1 2 0 1 2

Random non foot shooting move
11
0 0 0 0 0 0 0
0 0 0 0 0 0 0
1 0 0 0 0 0 0
2 0 0 0 0 0 0
2 1 2 0 0 0 0
1 1 1 2 0 1 2

ACK
OPPONENT:0
12
0 0 0 0 0 0 0
2 0 0 0 0 0 0
1 0 0 0 0 0 0
2 0 0 0 0 0 0
2 1 2 0 0 0 0
1 1 1 2 0 1 2

Possible good move
13
0 0 0 0 0 0 0
2 0 0 0 0 0 0
1 0 0 0 0 0 0
2 1 0 0 0 0 0
2 1 2 0 0 0 0
1 1 1 2 0 1 2

ACK
OPPONENT:1
14
0 0 0 0 0 0 0
2 0 0 0 0 0 0
1 2 0 0 0 0 0
2 1 0 0 0 0 0
2 1 2 0 0 0 0
1 1 1 2 0 1 2

Random non foot shooting move
15
0 0 0 0 0 0 0
2 1 0 0 0 0 0
1 2 0 0 0 0 0
2 1 0 0 0 0 0
2 1 2 0 0 0 0
1 1 1 2 0 1 2

ACK
OPPONENT:3
16
0 0 0 0 0 0 0
2 1 0 0 0 0 0
1 2 0 0 0 0 0
2 1 0 0 0 0 0
2 1 2 2 0 0 0
1 1 1 2 0 1 2

0 0 0 0 0 0 0
2 1 0 0 0 0 0
1 2 0 0 0 0 0
2 1 2 0 0 0 0
2 1 2 2 0 0 0
1 1 1 2 0 1 2

Opponent immediate win
17
0 0 0 0 0 0 0
2 1 0 0 0 0 0
1 2 0 0 0 0 0
2 1 1 0 0 0 0
2 1 2 2 0 0 0
1 1 1 2 0 1 2

ACK
OPPONENT:4
18
0 0 0 0 0 0 0
2 1 0 0 0 0 0
1 2 0 0 0 0 0
2 1 1 0 0 0 0
2 1 2 2 0 0 0
1 1 1 2 2 1 2

Win in 5
19
0 0 0 0 0 0 0
2 1 0 0 0 0 0
1 2 0 0 0 0 0
2 1 1 0 0 0 0
2 1 2 2 1 0 0
1 1 1 2 2 1 2

ACK
OPPONENT:5
20
0 0 0 0 0 0 0
2 1 0 0 0 0 0
1 2 0 0 0 0 0
2 1 1 0 0 0 0
2 1 2 2 1 2 0
1 1 1 2 2 1 2

Win in 3
21
0 0 0 0 0 0 0
2 1 0 0 0 0 0
1 2 0 0 0 0 0
2 1 1 1 0 0 0
2 1 2 2 1 2 0
1 1 1 2 2 1 2

ACK
OPPONENT:4
22
0 0 0 0 0 0 0
2 1 0 0 0 0 0
1 2 0 0 0 0 0
2 1 1 1 2 0 0
2 1 2 2 1 2 0
1 1 1 2 2 1 2

0 0 0 0 0 0 0
2 1 0 0 0 0 0
1 2 1 0 0 0 0
2 1 1 1 2 0 0
2 1 2 2 1 2 0
1 1 1 2 2 1 2

Immediate win
23
0 0 0 0 0 0 0
2 1 0 0 0 0 0
1 2 1 0 0 0 0
2 1 1 1 2 0 0
2 1 2 2 1 2 0
1 1 1 2 2 1 2

ACK
WIN


